iii CORNELII Ticiil GERMANIAE

1111111111 adii: 111111111111111, 11111111 11111111, 11111111 1111
111111 patitur. 11 111111111111 pervicacia: 1111 fidem vocant. 111111
condicionis 1111111111111111111 tradunt, ui 11 quoque pudore 11111111
exsolvant (15) 1111111 1111111111111111111 morem, 1111111111 111
1111111111 11111111ἰί1, utuntur: unumquisque 111111.1111 1111111 regii
1111111ῑί modum 11111111 1111111111 111 1111115 11 111111, 1111111111 11
111111111111111 11111. 111111 1111111111 uxorne 111111 exsequuntur.
verberare servum 11 11111111 111111111111111 mrum. 11111111 111111,

1. 11111111 Ρ. - 1. 1111111111 11111111. 1111. 11. 111111 Ρ. - ii. 1111111111·
111111. 1111. 11. 11 Ρ.

-111111111] 111111111111111111111111· 1. 188. 1111111 11111111111111111 111
11111111 1,11, 11111111. 1,1. 11111. iim 11111 1111111111 1111111111111111·
1111.8,11. - 11111111111111111111111] 11111111111111111111111111111111111111111
111111 1111111111, 1111111 111111111111· 111111111111111111111,111111111111111
111111111111111111111111.(11111111111. 11111111111111111 1111111, 1111 11111111
’1,151111111111111111111111111111,11 111111 111111111111111111.· 1111 1111111
quantulumcunque 11 11111111111111111111. 111111 111 1111 Germanico 11111 quin
111. 111. 1. 117. - 1111111] Cir. Α. 1, 11111111,1111111111111111111111111111,111
’111111111111111111111111111111111111 1111111111 111. 1, 1,115. 0111111 11111
1111111111 11111111 1111111111. 11111111111111111111111. litimonium

15. 1111111] 111 11111111111111111111, 111111 Geminorum 11111· 11111111 111
11111 1111111 quendum pudorem 111 1111- 11111111 1111 11111111111111111111 1111111
11111111 11111111, 11111, 11111111111111· 1111 1111111.» Domini 1111 111111111·
1111111111,111111111111111111111. Ceteri 11111 1111111111, 11111111111 11111111111111
111111111111111111111111111111111111111111 1111111111, 1111 11111 11111 11 1111111111
11111111111 1111111111, 1111111 111 1111 1111111111 11111111111111111111111111·
11111 111111 11111, 111111 111111111. - 111111. 11111111111(11111111111111111111-
minatoriis] 1111 11111 1111111111111111 11· 111 1811. 1. 1118. domm 1. i. 1111111111111
miii· 11111111 11 1111111, 1111 111 cuique 11111 11111 11111. - 111111111- ·111111]
111111111111111111111111111111111111,1111· 0111111111 1111 111111111111 111111111 11
111111111111111111 111111111111111111· 111111. Cir. Gr. 1111. 111-1.- 1111
iim 11 111111111111111. - 1111111111] 11111111] 1111111111 1111111111111111111·
11111, inquii, 11111 1111 111, eum 11111, 1111111 11111 1111 nona 811111
. 111111111111111111111111111111111111111· 111. 1, ’1, 118.. 111 cum 11 111111111
11111111111111111111111111111111.1111- 1111111111111. - 11111111 111111] 1111
1111111111111 1111 1111111 sodomicam 111 1111111 1111111111, 11111 111111111111111
11111111 tugurio. 111111111111111 111 1111111111 1111111111111111111 111. 11111.
111111 111111111 11111111 - 111111] 11111 111. 1. 811. - 1111111] qui 111111111
1111 (11.11. Δ. 1. 551. - 1111111111111] 1111111111 11111111111111111111111111111
111111 1111 1111 1111111111 111111111 11· 1111111111111, 111 iunium 111111 11111·
111111 1111 11111111111111111111111, 111· 11111 111111111111111, 111 111 11111111·
1111111 111111111 11111 11111111111), 11 111111, eorundemque 111111. 1111111
11111111 11 111111111111111111111111111- 111111 igitur 1111 11111111111111111111·
11111 quoque 111111111111111111), 11111 1111 111111111111111. 1111111, ingenui,
1111111111111111111, (C- 11.) 1111111111. 111111 11111111 1111111111 11111111 1111.
111111 (11. 111. 1. 1511. 11111 1111 111111 1111111111. (111111. 11111111. 1111111111·
1111111 1111111111 1111 11. 11 - · 11111. 1111111111111111111111111111111111111111·
(11111 11111. 11 1111111 11 11111111 11111- 111111111111 1111111111111111. 111. 1111-
111 ministerium 11111111 11 11 1111111, 11111 iv. 1. 11111 011111111111111111
1111111111 1111 11111111111111111, 111 111 111 11111111 111 1111111111 111 11111111
1111111111 1111111111. 1111111111). V· Ι. 111 11111111, 111111 11111111 1111111111·

 

